ED-Arch-01 R2 robustness scan
N=512, T=457, n=2.7, sigma=0.0556, dt=1.0
   alpha  gamma       seed   N_sad   N_deg    median      mean      std
   1.000      3   20260417    6056    5448   -1.0000   -2.0914   1.9875
   1.000      3          1    6209    5420   -1.0000   -2.0758   1.9819
   1.000      3          7    6053    5461   -1.0000   -2.0531   1.9572
   0.100      3   20260417    6058    5450   -1.0000   -2.0868   1.9846
   0.010      3   20260417    6053    5441   -1.0000   -2.0889   1.9858
  10.000      3   20260417    6029    5551   -1.0000   -2.1499   2.0239
   1.000      5   20260417    6057    5447   -1.0000   -2.0920   1.9879
